number of points;est
50;3.12
50;2.96
50;3.04
50;3.52
50;3.28
50;3.6
50;3.04
50;3.36
50;3.12
50;2.72
50;3.12
50;3.04
50;3.28
50;2.8
50;3.04
50;3.12
50;3.04
50;2.88
50;3.2
50;3.52
50;3.12
50;3.12
50;3.12
50;3.36
50;3.28
50;3.2
50;3.44
50;3.12
50;3.2
50;3.28
50;3.2
50;3.2
50;3.12
50;3.2
50;3.44
50;3.04
50;3.04
50;3.36
50;2.56
50;2.8
50;3.28
50;3.04
50;3.2
50;3.12
50;3.44
50;3.36
50;3.68
50;3.12
50;3.28
50;3.28
100;3.08
100;3.04
100;3.04
100;2.88
100;3.28
100;3.12
100;3.24
100;3.32
100;3.24
100;3.28
100;3.28
100;3
100;2.96
100;2.92
100;3.08
100;3.08
100;3.16
100;3
100;3.28
100;2.92
100;3.44
100;3.2
100;3.44
100;3.28
100;3.28
100;2.8
100;3.12
100;3.2
100;2.96
100;3.28
100;3.24
100;2.92
100;2.8
100;3.16
100;3.32
100;3.04
100;3.12
100;3.32
100;3.28
100;3.12
100;3.12
100;2.96
100;3.16
100;3.32
100;3.32
100;3.2
100;3.12
100;3.2
100;3.08
100;3.32
150;3.30667
150;2.96
150;3.2
150;3.28
150;3.14667
150;3.04
150;3.04
150;3.12
150;3.22667
150;3.09333
150;3.22667
150;3.09333
150;3.14667
150;3.25333
150;3.14667
150;2.96
150;3.01333
150;2.74667
150;3.30667
150;2.90667
150;2.93333
150;3.2
150;3.28
150;3.2
150;3.22667
150;3.04
150;3.14667
150;3.22667
150;3.01333
150;3.01333
150;2.96
150;3.28
150;3.33333
150;2.96
150;2.98667
150;3.12
150;3.01333
150;3.04
150;3.33333
150;2.85333
150;2.8
150;3.17333
150;2.93333
150;2.90667
150;3.14667
150;3.22667
150;3.09333
150;3.06667
150;3.25333
150;3.04
200;3.26
200;3.22
200;3.32
200;3.12
200;3.08
200;3.22
200;3.24
200;3
200;3.24
200;3.2
200;3.18
200;3.14
200;3.1
200;3.32
200;3.34
200;3.12
200;3.14
200;3.2
200;3.2
200;3.32
200;3.12
200;3.2
200;3.3
200;3.06
200;3.22
200;3.34
200;3.2
200;3.2
200;3.26
200;3.22
200;3.26
200;3.14
200;3.08
200;3.34
200;3.34
200;3.04
200;3.14
200;3.38
200;3.18
200;3.14
200;3.12
200;3.1
200;3.06
200;3.24
200;3.12
200;3.26
200;3.06
200;3.12
200;3.2
200;3.1
250;3.024
250;3.088
250;3.136
250;3.232
250;3.28
250;3.168
250;3.184
250;2.976
250;3.088
250;3.008
250;2.96
250;3.232
250;3.216
250;3.136
250;3.152
250;3.312
250;3.2
250;3.216
250;3.264
250;3.008
250;2.976
250;3.344
250;3.104
250;3.056
250;3.136
250;2.896
250;3.088
250;3.28
250;3.184
250;3.12
250;3.12
250;3.184
250;3.216
250;3.264
250;3.104
250;3.232
250;3.184
250;3.152
250;3.12
250;3.072
250;3.248
250;3.104
250;3.008
250;3.136
250;2.992
250;3.136
250;3.056
250;3.072
250;3.2
250;3.088
300;3.24
300;3.24
300;2.98667
300;3.04
300;3.06667
300;3.24
300;3.18667
300;3.05333
300;3.16
300;3.28
300;2.93333
300;3.04
300;3.26667
300;3
300;3.32
300;3.2
300;3.17333
300;3.16
300;2.97333
300;3.24
300;3.26667
300;3.14667
300;2.94667
300;3.13333
300;3.10667
300;3.29333
300;3.09333
300;3.24
300;3.22667
300;3.37333
300;3.21333
300;3.18667
300;3.22667
300;3.13333
300;3.05333
300;3.04
300;3.21333
300;3.09333
300;3.16
300;3.26667
300;3.18667
300;3.09333
300;3.04
300;3.4
300;3.16
300;3.14667
300;3.25333
300;3.02667
300;3.02667
300;3.2
350;3.21143
350;3.14286
350;3.2
350;3.07429
350;3.18857
350;3.24571
350;3.12
350;3.06286
350;3.26857
350;3.12
350;3.2
350;3.09714
350;3.16571
350;3.15429
350;2.96
350;3.24571
350;3.15429
350;3.34857
350;3.24571
350;2.98286
350;3.31429
350;3.10857
350;3.32571
350;3.13143
350;3.16571
350;3.00571
350;3.10857
350;3.14286
350;3.12
350;3.15429
350;2.99429
350;3.09714
350;3.23429
350;3.26857
350;3.21143
350;3.10857
350;3.25714
350;3.12
350;3.13143
350;3.08571
350;3.14286
350;3.14286
350;3.23429
350;3.05143
350;3.07429
350;3.22286
350;3.25714
350;3.08571
350;3.22286
350;3.14286
400;3.09
400;3.26
400;3.13
400;2.91
400;3.09
400;3.14
400;3.04
400;3.12
400;3.19
400;3.12
400;3.13
400;3.13
400;3.06
400;3.09
400;3.1
400;3.11
400;3.19
400;3.24
400;3.19
400;3.03
400;3.15
400;3.2
400;3.18
400;3.17
400;3.13
400;3.17
400;3.23
400;3.12
400;3.15
400;3.21
400;3.05
400;3.1
400;3.1
400;3.27
400;3.16
400;3.08
400;3.15
400;3.22
400;2.98
400;3.11
400;3.24
400;3.12
400;3.03
400;3.07
400;3.14
400;3.08
400;3.11
400;3.06
400;3.06
400;3.04
450;3.05778
450;3.19111
450;3.14667
450;3.12
450;3.12889
450;2.96
450;3.15556
450;3.12
450;3.14667
450;3.16444
450;3.08444
450;3.08444
450;3.2
450;3.13778
450;3.02222
450;3.17333
450;3.18222
450;3.03111
450;3.05778
450;3.29778
450;3.2
450;3.04889
450;3.10222
450;3.01333
450;3.09333
450;3.34222
450;3.14667
450;3.03111
450;3.13778
450;3.20889
450;3.14667
450;3.12889
450;3.08444
450;3.18222
450;3.13778
450;3.10222
450;3.15556
450;3.20889
450;3.09333
450;3.04
450;3.03111
450;3.05778
450;3.27111
450;3.25333
450;3.17333
450;3.11111
450;3.04889
450;3.13778
450;3.10222
450;3.21778
500;3.144
500;3.128
500;3.096
500;3.072
500;2.992
500;3.144
500;3.12
500;3.16
500;3.08
500;3.056
500;3.104
500;3.16
500;3.192
500;3.104
500;3.104
500;3.328
500;3.104
500;3.12
500;3.224
500;3.072
500;3.256
500;3.208
500;3.104
500;3.256
500;3.216
500;3.168
500;3.216
500;3.216
500;3.152
500;3.24
500;3.048
500;3.24
500;3.12
500;3.112
500;3.136
500;3.032
500;3.16
500;3.184
500;3.128
500;3.152
500;3.136
500;3.104
500;3.176
500;3.232
500;3.072
500;3.072
500;3.208
500;3.2
500;3.112
500;3.216
550;3.14909
550;3.22909
550;3.12727
550;3.10545
550;3.18545
550;3.09818
550;3.18545
550;3.14182
550;3.21455
550;3.13455
550;3.14182
550;3.11273
550;3.09818
550;3.16364
550;3.09091
550;3.17091
550;3.07636
550;3.21455
550;3.05455
550;3.21455
550;3.14182
550;3.22182
550;3.2
550;3.09818
550;2.97455
550;3.21455
550;3.30909
550;3.06909
550;3.17091
550;3.18545
550;3.27273
550;3.10545
550;3.06909
550;3.16364
550;3.12727
550;3.22909
550;3.07636
550;3.2
550;3.22182
550;3.23636
550;3.14909
550;3.09091
550;3.20727
550;3.17818
550;3.08364
550;3.04727
550;3.18545
550;3.03273
550;3.22909
550;3.12
600;3.23333
600;3.28667
600;3.20667
600;3.20667
600;3.14667
600;3.1
600;3.15333
600;3.06
600;3.14
600;3.24
600;3.13333
600;3.05333
600;3.13333
600;3.14
600;3.11333
600;3.16
600;3.09333
600;3.11333
600;3.06
600;2.98667
600;3.20667
600;3.16667
600;3.18
600;3.05333
600;3.17333
600;3.14667
600;3.16
600;3.24
600;3.22667
600;3.1
600;3.1
600;3.31333
600;3.07333
600;3.15333
600;3.13333
600;3.14667
600;3.2
600;3.14667
600;3.06667
600;3.09333
600;3.00667
600;3.16667
600;3.13333
600;3.12667
600;3.06
600;3.02
600;3.19333
600;3.05333
600;3.16667
600;3.28667
650;3.12
650;3.15692
650;3.23692
650;3.15692
650;3.21846
650;3.06462
650;3.18154
650;3.16308
650;3.05231
650;3.13846
650;3.08308
650;3.12615
650;3.10154
650;3.13846
650;3.17538
650;3.08923
650;3.13846
650;3.11385
650;3.07692
650;3.22462
650;3.16308
650;3.16923
650;3.24923
650;3.12615
650;3.14462
650;3.23692
650;3.19385
650;3.16923
650;2.98462
650;3.23692
650;3.19385
650;3.09538
650;3.16923
650;3.00308
650;3.17538
650;3.10769
650;3.18769
650;3.20615
650;3.19385
650;3.16923
650;3.07077
650;3.22462
650;3.10769
650;3.13231
650;3.23077
650;3.18154
650;3.14462
650;3.04
650;3.10154
650;3.04
700;3.18286
700;3.2
700;3.09143
700;3.26286
700;3.13143
700;3.26286
700;3.08571
700;3.14286
700;3.15429
700;3.16
700;3.12571
700;2.97714
700;3.12571
700;3.20571
700;3.16571
700;3.15429
700;3.28
700;3.09143
700;3.10857
700;3.13714
700;3.23429
700;3.13143
700;3.2
700;3.07429
700;3.14286
700;3.12571
700;3.08
700;3.20571
700;3.2
700;3.09143
700;3.12
700;3.25143
700;3.16571
700;3.07429
700;2.99429
700;3.17143
700;3.2
700;3.10286
700;3.23429
700;3.11429
700;3.13143
700;3.17714
700;3.10857
700;3.02286
700;3.17714
700;3.07429
700;3.14857
700;3.18286
700;3.18286
700;3.13714
750;3.168
750;3.09867
750;3.23733
750;3.24267
750;3.12533
750;3.15733
750;3.072
750;3.152
750;3.20533
750;3.168
750;3.15733
750;3.09333
750;3.13067
750;3.01867
750;3.17867
750;3.08267
750;3.02933
750;3.024
750;3.21067
750;3.072
750;3.072
750;3.18933
750;3.14133
750;3.13067
750;3.104
750;3.11467
750;3.19467
750;3.22667
750;3.15733
750;3.22667
750;3.19467
750;3.104
750;3.12533
750;3.248
750;3.17333
750;3.024
750;3.104
750;3.23733
750;2.976
750;3.17867
750;3.05067
750;3.17333
750;3.12
750;3.23733
750;3.152
750;3.23733
750;3.152
750;3.03467
750;3.15733
750;3.09867
800;3.175
800;3.2
800;3.1
800;3.075
800;3.21
800;3.145
800;3.02
800;3.13
800;3.14
800;3.075
800;3.12
800;3.28
800;3.12
800;3.065
800;3.115
800;3.03
800;3.215
800;3.14
800;3.035
800;3.12
800;3.2
800;3.15
800;3.17
800;3.22
800;3.14
800;3.035
800;3.24
800;3.26
800;3.1
800;3.105
800;3.145
800;3.175
800;3.14
800;3.105
800;2.925
800;3.22
800;3.11
800;3.15
800;3.14
800;3.23
800;3.165
800;3.145
800;3.19
800;3.07
800;3.125
800;3.22
800;3
800;3.09
800;3.155
800;3.09
850;3.19059
850;3.11529
850;3.13882
850;3.18118
850;3.20941
850;3.08235
850;3.18588
850;3.18118
850;3.13882
850;3.15765
850;3.22824
850;3.13882
850;3.10118
850;3.23294
850;3.13882
850;3.11529
850;3.02588
850;3.16706
850;3.18118
850;3.12
850;3.13412
850;3.28
850;3.09176
850;3.07765
850;3.09647
850;3.19529
850;3.14824
850;3.18118
850;3.24235
850;3.12471
850;3.19529
850;3.2
850;3.13412
850;3.06824
850;3.10588
850;3.12941
850;3.11059
850;3.04
850;3.05882
850;3.13882
850;3.15294
850;3.13412
850;3.17647
850;3.15765
850;3.11529
850;3.19529
850;3.16235
850;3.12941
850;3.14353
850;3.17647
900;3.17333
900;3.17333
900;3.05333
900;3.12
900;3.24444
900;3.19111
900;3.16889
900;3.09778
900;3.20444
900;3.16
900;3.22222
900;3.09778
900;3.09333
900;3.09778
900;3.14667
900;3.16889
900;3.13778
900;3.21333
900;3.12
900;3.13333
900;3.02667
900;3.14667
900;3.18667
900;3.12444
900;3.13778
900;3.11111
900;3.05778
900;3.10222
900;3.23556
900;3.23556
900;3.21778
900;3.06667
900;3.07556
900;3.16
900;3.08
900;3.08889
900;3.05778
900;3.19556
900;3.15111
900;3.29333
900;3.07111
900;3.04444
900;3.18667
900;3.11111
900;3.12889
900;3.09333
900;3.12889
900;3.24
900;3.14667
900;3.26667
950;3.15368
950;3.15368
950;3.21684
950;3.13684
950;3.17053
950;3.03158
950;3.20421
950;3.02316
950;3.17895
950;3.12
950;3.08211
950;3.11158
950;3.06947
950;3.12
950;3.09053
950;3.07368
950;3.10737
950;3.18737
950;3.21263
950;3.01053
950;3.28421
950;3.18737
950;3.20421
950;3.13263
950;3.10316
950;3.17895
950;3.11158
950;3.16632
950;3.16632
950;3.21684
950;3.19158
950;3.13684
950;3.17895
950;3.13684
950;3.19579
950;3.04842
950;3.16211
950;3.14105
950;3.12421
950;3.11579
950;3.12
950;3.07789
950;3.16211
950;3.12421
950;3.17474
950;3.15789
950;3.08211
950;3.20421
950;3.13684
950;3.09474
1000;3.096
1000;3.16
1000;3.104
1000;3.048
1000;3.14
1000;3.024
1000;3.164
1000;3.084
1000;3.076
1000;3.18
1000;3.164
1000;3.136
1000;3.164
1000;3.116
1000;3.128
1000;3.116
1000;3.144
1000;3.184
1000;3.108
1000;3.092
1000;3.112
1000;3.14
1000;3.08
1000;3.212
1000;3.124
1000;3.012
1000;3.064
1000;3.216
1000;3.108
1000;3.112
1000;3.16
1000;3.08
1000;3.2
1000;3.076
1000;3.144
1000;3.176
1000;3.192
1000;3.108
1000;3.188
1000;3.12
1000;3.016
1000;3.192
1000;3.176
1000;3.116
1000;3.18
1000;3.184
1000;3.128
1000;3.096
1000;3.224
1000;3.152
1050;3.05524
1050;3.07429
1050;3.21143
1050;3.15048
1050;3.19238
1050;3.11619
1050;3.22667
1050;3.15429
1050;3.15048
1050;3.04
1050;3.18476
1050;3.07429
1050;3.14286
1050;3.14286
1050;3.08952
1050;3.18476
1050;3.2381
1050;3.11238
1050;3.12
1050;3.10095
1050;3.22286
1050;3.2381
1050;3.16952
1050;3.15048
1050;3.11619
1050;3.10857
1050;3.13524
1050;3.1581
1050;3.10476
1050;3.18476
1050;3.14286
1050;3.15429
1050;3.18857
1050;3.17333
1050;3.16952
1050;3.12762
1050;3.07048
1050;3.23048
1050;3.12381
1050;3.13905
1050;3.08952
1050;3.18857
1050;3.02857
1050;3.15048
1050;3.15429
1050;3.19619
1050;3.0781
1050;3.21905
1050;3.2381
1050;3.14286
1100;3.22909
1100;3.19636
1100;3.18545
1100;3.15273
1100;3.18909
1100;3.13091
1100;3.11636
1100;3.17455
1100;3.17455
1100;3.08727
1100;3.12364
1100;3.22909
1100;3.18545
1100;3.14545
1100;3.08727
1100;3.11273
1100;3.19273
1100;3.17455
1100;3.18909
1100;3.11636
1100;3.14545
1100;3.04364
1100;3.04364
1100;3.08
1100;3.05818
1100;3.07636
1100;3.13455
1100;3.13091
1100;3.17091
1100;3.09818
1100;3.19636
1100;3.18182
1100;3.19273
1100;3.15636
1100;3.08
1100;3.16364
1100;3.08364
1100;3.14182
1100;3.09818
1100;3.06909
1100;3.12
1100;3.09818
1100;3.18182
1100;3.18909
1100;3.18545
1100;3.13455
1100;3.12
1100;3.08727
1100;3.11273
1100;3.02545
1150;3.18261
1150;3.17913
1150;3.11652
1150;2.9913
1150;3.14435
1150;3.1687
1150;3.13739
1150;3.11304
1150;3.12696
1150;3.2313
1150;3.12348
1150;3.19652
1150;3.10957
1150;3.25217
1150;3.0887
1150;3.15826
1150;3.14087
1150;3.12348
1150;3.12
1150;3.2313
1150;3.21739
1150;3.11652
1150;3.15478
1150;3.1513
1150;3.0887
1150;3.19304
1150;3.1687
1150;3.02609
1150;3.1513
1150;3.14087
1150;3.15826
1150;3.14435
1150;3.14783
1150;3.14435
1150;3.04696
1150;3.11304
1150;3.17913
1150;3.22087
1150;3.12696
1150;3.08174
1150;3.08522
1150;3.17217
1150;3.16174
1150;3.13739
1150;3.12
1150;3.15478
1150;3.07478
1150;3.04696
1150;3.17565
1150;3.1513
1200;3.13
1200;3.1
1200;3.15667
1200;3.20333
1200;3.19333
1200;3.20333
1200;3.13667
1200;3.14667
1200;3.21333
1200;3.17333
1200;3.17333
1200;3.19667
1200;3.07333
1200;3.05
1200;3.07667
1200;3.18
1200;3.18333
1200;3.17667
1200;3.10333
1200;3.2
1200;3.11
1200;3.16333
1200;3.27333
1200;3.11667
1200;3.10667
1200;3.03333
1200;3.09333
1200;3.2
1200;3.07667
1200;3.16
1200;3.03333
1200;3.09667
1200;3.17333
1200;3.14
1200;3.19
1200;3.12
1200;3.10667
1200;3.16
1200;3.17667
1200;3.12333
1200;3.18333
1200;3.18667
1200;3.16333
1200;3.14
1200;3.12333
1200;3.25333
1200;3.18
1200;3.18
1200;3.17
1200;3.03
1250;3.1552
1250;3.0944
1250;3.0656
1250;3.0912
1250;3.0944
1250;3.04
1250;3.0496
1250;3.1104
1250;3.136
1250;3.1168
1250;3.0816
1250;3.0816
1250;3.1232
1250;3.12
1250;3.1232
1250;3.0784
1250;3.1648
1250;3.1296
1250;3.1936
1250;3.0976
1250;3.152
1250;3.0944
1250;3.2288
1250;3.088
1250;3.1008
1250;3.0656
1250;3.1296
1250;3.1552
1250;3.1648
1250;3.2512
1250;3.0784
1250;3.1456
1250;3.1776
1250;3.1872
1250;3.232
1250;3.0976
1250;3.1136
1250;3.1264
1250;3.1296
1250;3.1392
1250;3.1552
1250;3.2128
1250;3.0976
1250;3.1328
1250;3.2
1250;3.1424
1250;3.0944
1250;3.1648
1250;3.0528
1250;3.2032
1300;3.17846
1300;3.14154
1300;3.12308
1300;3.06462
1300;3.15692
1300;3.11692
1300;3.10462
1300;3.12
1300;3.24
1300;3.07077
1300;3.19077
1300;3.10462
1300;3.21231
1300;3.13538
1300;3.12
1300;3.11385
1300;3.07077
1300;3.08923
1300;3.22154
1300;3.15077
1300;3.06462
1300;3.13538
1300;3.15385
1300;3.23692
1300;3.05538
1300;3.10769
1300;3.15077
1300;3.16
1300;3.16615
1300;3.14462
1300;3.14462
1300;3.14462
1300;3.13846
1300;3.16308
1300;3.16923
1300;3.15692
1300;3.19692
1300;3.16923
1300;3.15385
1300;3.18154
1300;3.12
1300;3.14769
1300;3.15692
1300;3.16308
1300;3.2
1300;3.13846
1300;3.26462
1300;3.17538
1300;3.16923
1300;3.07385
1350;3.18815
1350;3.2237
1350;3.15556
1350;3.16741
1350;3.19407
1350;3.11111
1350;3.08148
1350;3.14667
1350;3.09037
1350;3.18519
1350;3.17037
1350;3.1437
1350;3.13778
1350;3.18222
1350;3.07852
1350;3.02222
1350;3.18519
1350;3.12889
1350;3.20889
1350;3.2
1350;3.17037
1350;3.10519
1350;3.1437
1350;3.15852
1350;3.14963
1350;3.16444
1350;3.18519
1350;3.11111
1350;3.09926
1350;3.11407
1350;3.1437
1350;3.14963
1350;3.12296
1350;3.1763
1350;3.22963
1350;3.14963
1350;3.10519
1350;3.13185
1350;3.11111
1350;3.12593
1350;3.04593
1350;3.17926
1350;3.18519
1350;3.10815
1350;3.13778
1350;3.0963
1350;3.19704
1350;3.18519
1350;3.17926
1350;3.19111
1400;3.16857
1400;3.12
1400;3.1
1400;3.16
1400;3.27143
1400;3.23714
1400;3.11143
1400;3.12286
1400;3.14571
1400;3.14857
1400;3.12571
1400;3.08
1400;3.1
1400;3.19714
1400;3.12286
1400;3.22857
1400;3.14
1400;3.11429
1400;3.24286
1400;3.2
1400;3.14286
1400;3.25429
1400;3.06857
1400;3.13143
1400;3.16857
1400;3.14
1400;3.14857
1400;3.08857
1400;3.04571
1400;3.09429
1400;3.13714
1400;3.15429
1400;3.15714
1400;3.19143
1400;3.11714
1400;3.07714
1400;3.14571
1400;3.17143
1400;3.08
1400;3.15714
1400;3.20571
1400;3.16
1400;3.15714
1400;3.06857
1400;3.10286
1400;3.09714
1400;3.18286
1400;3.23714
1400;3.16857
1400;3.16
1450;3.18345
1450;3.2469
1450;3.12552
1450;3.10345
1450;3.18621
1450;3.12276
1450;3.17241
1450;3.18621
1450;3.13103
1450;3.15586
1450;3.17241
1450;3.10621
1450;3.17793
1450;3.16138
1450;3.10621
1450;3.15862
1450;3.15586
1450;3.17793
1450;3.05931
1450;3.11448
1450;3.13103
1450;3.11724
1450;3.18069
1450;3.13655
1450;3.12552
1450;3.15862
1450;3.18621
1450;3.18345
1450;3.12828
1450;3.05931
1450;3.09241
1450;3.1531
1450;3.10621
1450;3.22207
1450;3.12552
1450;3.13103
1450;3.17793
1450;3.13655
1450;3.0731
1450;3.0869
1450;3.09517
1450;3.24138
1450;3.14759
1450;3.08138
1450;3.14483
1450;3.09793
1450;3.11172
1450;3.19448
1450;3.09517
1450;3.12552
1500;3.15467
1500;3.16
1500;3.14133
1500;3.14667
1500;3.11733
1500;3.17067
1500;3.16
1500;3.13867
1500;3.14133
1500;3.21867
1500;3.16
1500;3.11733
1500;3.11733
1500;3.128
1500;3.16
1500;3.21067
1500;3.032
1500;3.18667
1500;3.20267
1500;3.19467
1500;3.14133
1500;3.14133
1500;3.16
1500;3.21067
1500;3.15467
1500;3.10933
1500;3.22933
1500;3.08267
1500;3.10933
1500;3.17333
1500;3.152
1500;3.11467
1500;3.088
1500;3.144
1500;3.18933
1500;3.112
1500;3.13067
1500;3.208
1500;3.09333
1500;3.136
1500;3.13333
1500;3.14133
1500;3.09067
1500;3.176
1500;3.12267
1500;3.12533
1500;3.10667
1500;3.12267
1500;3.11467
1500;3.152
1550;3.13548
1550;3.13548
1550;3.13548
1550;3.20258
1550;3.14323
1550;3.12774
1550;3.10452
1550;3.16387
1550;3.21548
1550;3.11226
1550;3.11484
1550;3.12258
1550;3.21548
1550;3.08387
1550;3.06065
1550;3.11484
1550;3.09419
1550;3.10194
1550;3.15097
1550;3.12
1550;3.16129
1550;3.13548
1550;3.09161
1550;3.11484
1550;3.11742
1550;3.1329
1550;3.08903
1550;3.10194
1550;3.1871
1550;3.06065
1550;3.12
1550;3.09935
1550;3.10968
1550;3.20258
1550;3.12
1550;3.13548
1550;3.19484
1550;3.21806
1550;3.15871
1550;3.16387
1550;3.18194
1550;3.16645
1550;3.09161
1550;3.17161
1550;3.19226
1550;3.07097
1550;3.12516
1550;3.13806
1550;3.16645
1550;3.1329
1600;3.13
1600;3.1475
1600;3.2075
1600;3.19
1600;3.125
1600;3.195
1600;3.095
1600;3.1625
1600;3.145
1600;3.165
1600;3.135
1600;3.145
1600;3.19
1600;3.1425
1600;3.135
1600;3.115
1600;3.185
1600;3.175
1600;3.105
1600;3.2325
1600;3.185
1600;3.19
1600;3.155
1600;3.1525
1600;3.1525
1600;3.11
1600;3.165
1600;3.0375
1600;3.115
1600;3.1275
1600;3.1425
1600;3.1275
1600;3.11
1600;3.12
1600;3.115
1600;3.2
1600;3.1125
1600;3.15
1600;3.16
1600;3.065
1600;3.145
1600;3.1525
1600;3.1
1600;3.2325
1600;3.1325
1600;3.175
1600;3.17
1600;3.195
1600;3.1175
1600;3.14
1650;3.14424
1650;3.07636
1650;3.12485
1650;3.18303
1650;3.2097
1650;3.18061
1650;3.19515
1650;3.20242
1650;3.12485
1650;3.10545
1650;3.18061
1650;3.13939
1650;3.04
1650;3.2
1650;3.16121
1650;3.1103
1650;3.14667
1650;3.11273
1650;3.11758
1650;3.17333
1650;3.16364
1650;3.11273
1650;3.16121
1650;3.16364
1650;3.08848
1650;3.08606
1650;3.16121
1650;3.13212
1650;3.16606
1650;3.13939
1650;3.15394
1650;3.18545
1650;3.16364
1650;3.13212
1650;3.10545
1650;3.23152
1650;3.15152
1650;3.14424
1650;3.12485
1650;3.14424
1650;3.12242
1650;3.14424
1650;3.15394
1650;3.04485
1650;3.13697
1650;3.12242
1650;3.16364
1650;3.14667
1650;3.15152
1650;3.08606
1700;3.15294
1700;3.10588
1700;3.07294
1700;3.08235
1700;3.10588
1700;3.19294
1700;3.18118
1700;3.14118
1700;3.2
1700;3.19059
1700;3.13647
1700;3.06588
1700;3.10824
1700;3.20235
1700;3.13412
1700;3.16941
1700;3.16235
1700;3.17176
1700;3.14588
1700;3.15765
1700;3.19294
1700;3.10824
1700;3.06353
1700;3.13412
1700;3.17647
1700;3.16706
1700;3.08941
1700;3.11765
1700;3.16235
1700;3.11059
1700;3.14353
1700;3.11765
1700;3.15294
1700;3.15294
1700;3.13412
1700;3.10118
1700;3.12235
1700;3.12706
1700;3.16235
1700;3.15059
1700;3.11294
1700;3.11765
1700;3.18118
1700;3.11294
1700;3.10588
1700;3.17647
1700;3.16235
1700;3.16235
1700;3.22824
1700;3.09176
1750;3.08571
1750;3.10171
1750;3.16343
1750;3.13371
1750;3.13371
1750;3.15657
1750;3.15886
1750;3.14057
1750;3.14743
1750;3.16571
1750;3.14057
1750;3.15657
1750;3.11543
1750;3.13371
1750;3.15886
1750;3.14286
1750;3.18629
1750;3.09943
1750;3.13143
1750;3.12
1750;3.13371
1750;3.09943
1750;3.19543
1750;3.16343
1750;3.06286
1750;3.16114
1750;3.13143
1750;3.12914
1750;3.16343
1750;3.168
1750;3.18629
1750;3.12686
1750;3.11771
1750;3.09943
1750;3.104
1750;3.07429
1750;3.09257
1750;3.14057
1750;3.13143
1750;3.19543
1750;3.11543
1750;3.14514
1750;3.09714
1750;3.11314
1750;3.16571
1750;3.14057
1750;3.17943
1750;3.05829
1750;3.10629
1750;3.15886
1800;3.09556
1800;3.06889
1800;3.13556
1800;3.1
1800;3.2
1800;3.17333
1800;3.14
1800;3.16667
1800;3.09333
1800;3.14222
1800;3.19778
1800;3.17556
1800;3.19333
1800;3.16444
1800;3.13556
1800;3.07333
1800;3.16444
1800;3.14222
1800;3.08222
1800;3.12222
1800;3.16444
1800;3.16222
1800;3.11556
1800;3.12222
1800;3.11111
1800;3.05111
1800;3.19111
1800;3.12889
1800;3.10889
1800;3.14667
1800;3.15333
1800;3.18667
1800;3.11111
1800;3.13556
1800;3.10444
1800;3.10889
1800;3.13778
1800;3.14
1800;3.18
1800;3.15556
1800;3.12667
1800;3.13333
1800;3.18
1800;3.14667
1800;3.09556
1800;3.1
1800;3.13556
1800;3.20889
1800;3.17333
1800;3.14
1850;3.15459
1850;3.16757
1850;3.10703
1850;3.11784
1850;3.13946
1850;3.14811
1850;3.15459
1850;3.07027
1850;3.11351
1850;3.14811
1850;3.15459
1850;3.10919
1850;3.13081
1850;3.14162
1850;3.1027
1850;3.14811
1850;3.1027
1850;3.08324
1850;3.13946
1850;3.12
1850;3.16324
1850;3.14162
1850;3.1027
1850;3.15243
1850;3.10054
1850;3.11784
1850;3.22378
1850;3.17622
1850;3.14595
1850;3.09405
1850;3.12
1850;3.11351
1850;3.1027
1850;3.16973
1850;3.18919
1850;3.12432
1850;3.15027
1850;3.12865
1850;3.13081
1850;3.15243
1850;3.15892
1850;3.06811
1850;3.13081
1850;3.20649
1850;3.10703
1850;3.17622
1850;3.18054
1850;3.12
1850;3.16973
1850;3.23243
1900;3.09684
1900;3.13263
1900;3.17895
1900;3.13053
1900;3.15579
1900;3.15368
1900;3.13474
1900;3.18105
1900;3.12421
1900;3.09895
1900;3.15158
1900;3.14105
1900;3.17895
1900;3.10947
1900;3.18316
1900;3.16632
1900;3.13474
1900;3.13684
1900;3.14737
1900;3.16
1900;3.16
1900;3.17684
1900;3.15158
1900;3.17263
1900;3.15579
1900;3.06105
1900;3.14316
1900;3.18105
1900;3.15579
1900;3.13263
1900;3.18105
1900;3.10105
1900;3.11158
1900;3.17053
1900;3.12632
1900;3.13053
1900;3.15789
1900;3.14105
1900;3.18105
1900;3.08211
1900;3.10526
1900;3.14316
1900;3.17263
1900;3.11579
1900;3.10947
1900;3.06947
1900;3.14316
1900;3.13053
1900;3.17684
1900;3.14105
1950;3.1241
1950;3.17744
1950;3.12821
1950;3.14462
1950;3.08513
1950;3.16513
1950;3.1241
1950;3.08308
1950;3.18564
1950;3.19179
1950;3.13846
1950;3.14051
1950;3.15282
1950;3.07487
1950;3.18564
1950;3.13231
1950;3.17333
1950;3.24718
1950;3.13436
1950;3.10359
1950;3.11179
1950;3.05436
1950;3.09538
1950;3.15487
1950;3.10154
1950;3.14667
1950;3.16308
1950;3.11179
1950;3.18154
1950;3.16103
1950;3.18154
1950;3.13846
1950;3.12
1950;3.08308
1950;3.21436
1950;3.16513
1950;3.14051
1950;3.09949
1950;3.17333
1950;3.14051
1950;3.13026
1950;3.18564
1950;3.08103
1950;3.11795
1950;3.15282
1950;3.15487
1950;3.13846
1950;3.15897
1950;3.18974
1950;3.14051
2000;3.108
2000;3.078
2000;3.132
2000;3.184
2000;3.186
2000;3.184
2000;3.136
2000;3.112
2000;3.15
2000;3.144
2000;3.122
2000;3.164
2000;3.21
2000;3.11
2000;3.168
2000;3.14
2000;3.058
2000;3.14
2000;3.15
2000;3.174
2000;3.154
2000;3.074
2000;3.17
2000;3.154
2000;3.102
2000;3.16
2000;3.116
2000;3.222
2000;3.142
2000;3.076
2000;3.158
2000;3.142
2000;3.126
2000;3.15
2000;3.144
2000;3.202
2000;3.16
2000;3.198
2000;3.142
2000;3.208
2000;3.09
2000;3.138
2000;3.144
2000;3.052
2000;3.116
2000;3.156
2000;3.122
2000;3.16
2000;3.148
2000;3.078
2050;3.13951
2050;3.13171
2050;3.17854
2050;3.1278
2050;3.14732
2050;3.13366
2050;3.15512
2050;3.1161
2050;3.15122
2050;3.15902
2050;3.19024
2050;3.1122
2050;3.13366
2050;3.17463
2050;3.14732
2050;3.12
2050;3.1122
2050;3.15317
2050;3.21756
2050;3.16098
2050;3.16488
2050;3.17268
2050;3.16878
2050;3.10244
2050;3.1122
2050;3.14732
2050;3.06927
2050;3.08878
2050;3.17073
2050;3.17073
2050;3.16878
2050;3.10829
2050;3.09659
2050;3.17073
2050;3.14927
2050;3.1239
2050;3.14927
2050;3.13561
2050;3.15707
2050;3.16683
2050;3.16878
2050;3.16683
2050;3.14927
2050;3.07707
2050;3.11024
2050;3.09463
2050;3.15512
2050;3.20195
2050;3.15317
2050;3.10049
2100;3.11619
2100;3.17905
2100;3.15048
2100;3.12952
2100;3.15238
2100;3.16
2100;3.09905
2100;3.11619
2100;3.13905
2100;3.13333
2100;3.12
2100;3.07619
2100;3.18476
2100;3.06857
2100;3.15238
2100;3.11238
2100;3.15619
2100;3.14667
2100;3.12
2100;3.13714
2100;3.19619
2100;3.07429
2100;3.13333
2100;3.06095
2100;3.13905
2100;3.13524
2100;3.1619
2100;3.17333
2100;3.13524
2100;3.17143
2100;3.14476
2100;3.12952
2100;3.13143
2100;3.0781
2100;3.12571
2100;3.19619
2100;3.19429
2100;3.1619
2100;3.08762
2100;3.14095
2100;3.13905
2100;3.12571
2100;3.13333
2100;3.16952
2100;3.15048
2100;3.20381
2100;3.1619
2100;3.1619
2100;3.18667
2100;3.18667
2150;3.17395
2150;3.07349
2150;3.15349
2150;3.15535
2150;3.11814
2150;3.14233
2150;3.2093
2150;3.15163
2150;3.21116
2150;3.20372
2150;3.14977
2150;3.13116
2150;3.16093
2150;3.11256
2150;3.12186
2150;3.09395
2150;3.15163
2150;3.13674
2150;3.18884
2150;3.13302
2150;3.1293
2150;3.16651
2150;3.11256
2150;3.09767
2150;3.1814
2150;3.07721
2150;3.1293
2150;3.15907
2150;3.07349
2150;3.05674
2150;3.12372
2150;3.16465
2150;3.16837
2150;3.13116
2150;3.14233
2150;3.2186
2150;3.2186
2150;3.19442
2150;3.17767
2150;3.07721
2150;3.12186
2150;3.1907
2150;3.14233
2150;3.17581
2150;3.15721
2150;3.1907
2150;3.09767
2150;3.18512
2150;3.09953
2150;3.15907
2200;3.12364
2200;3.17273
2200;3.16727
2200;3.07818
2200;3.15818
2200;3.12727
2200;3.13455
2200;3.12364
2200;3.10182
2200;3.14909
2200;3.09636
2200;3.12909
2200;3.08909
2200;3.18545
2200;3.10364
2200;3.14909
2200;3.14364
2200;3.15455
2200;3.12364
2200;3.11455
2200;3.09273
2200;3.15455
2200;3.13636
2200;3.10727
2200;3.16182
2200;3.13636
2200;3.08182
2200;3.21455
2200;3.15818
2200;3.18364
2200;3.12
2200;3.16182
2200;3.16182
2200;3.13091
2200;3.17091
2200;3.16727
2200;3.14364
2200;3.17273
2200;3.18
2200;3.14182
2200;3.07455
2200;3.16727
2200;3.12909
2200;3.12545
2200;3.18727
2200;3.11636
2200;3.15818
2200;3.17273
2200;3.12909
2200;3.14
2250;3.15378
2250;3.11467
2250;3.17511
2250;3.11822
2250;3.088
2250;3.15733
2250;3.08444
2250;3.09333
2250;3.136
2250;3.11822
2250;3.16089
2250;3.12178
2250;3.11289
2250;3.15022
2250;3.13956
2250;3.17867
2250;3.17156
2250;3.15022
2250;3.16089
2250;3.10578
2250;3.11644
2250;3.16444
2250;3.15556
2250;3.15022
2250;3.20889
2250;3.11644
2250;3.14489
2250;3.15022
2250;3.12
2250;3.17511
2250;3.16444
2250;3.18578
2250;3.14667
2250;3.14844
2250;3.17511
2250;3.14667
2250;3.14133
2250;3.10933
2250;3.15378
2250;3.19289
2250;3.14311
2250;3.14667
2250;3.16267
2250;3.16089
2250;3.17867
2250;3.12533
2250;3.16622
2250;3.08622
2250;3.20711
2250;3.14844
2300;3.17739
2300;3.10957
2300;3.08
2300;3.20348
2300;3.12696
2300;3.08
2300;3.05913
2300;3.17913
2300;3.11652
2300;3.16348
2300;3.06435
2300;3.14087
2300;3.13565
2300;3.12
2300;3.18609
2300;3.1913
2300;3.14609
2300;3.16696
2300;3.13913
2300;3.1513
2300;3.13217
2300;3.12696
2300;3.15826
2300;3.14087
2300;3.13739
2300;3.10957
2300;3.10435
2300;3.12174
2300;3.14261
2300;3.13217
2300;3.13739
2300;3.10261
2300;3.09043
2300;3.14261
2300;3.16
2300;3.16174
2300;3.09739
2300;3.17043
2300;3.08348
2300;3.0887
2300;3.07304
2300;3.18087
2300;3.0887
2300;3.07478
2300;3.09739
2300;3.15652
2300;3.18261
2300;3.13739
2300;3.09739
2300;3.11652
2350;3.16766
2350;3.17957
2350;3.18468
2350;3.14043
2350;3.10468
2350;3.18298
2350;3.1234
2350;3.16936
2350;3.14043
2350;3.14213
2350;3.16426
2350;3.13191
2350;3.1166
2350;3.09277
2350;3.15234
2350;3.1183
2350;3.13362
2350;3.08936
2350;3.13702
2350;3.10128
2350;3.16596
2350;3.17106
2350;3.10979
2350;3.07915
2350;3.08255
2350;3.08085
2350;3.06043
2350;3.13872
2350;3.13702
2350;3.16766
2350;3.18638
2350;3.14553
2350;3.13021
2350;3.1183
2350;3.18638
2350;3.14723
2350;3.15404
2350;3.10298
2350;3.10638
2350;3.2034
2350;3.15234
2350;3.13532
2350;3.19489
2350;3.12681
2350;3.18809
2350;3.1983
2350;3.15745
2350;3.1183
2350;3.16426
2350;3.13872
2400;3.14167
2400;3.15167
2400;3.16167
2400;3.12333
2400;3.12333
2400;3.14333
2400;3.13
2400;3.11667
2400;3.08333
2400;3.13333
2400;3.10167
2400;3.14
2400;3.15333
2400;3.12333
2400;3.12
2400;3.19333
2400;3.10833
2400;3.16333
2400;3.15
2400;3.11167
2400;3.17833
2400;3.13667
2400;3.135
2400;3.14167
2400;3.21333
2400;3.14833
2400;3.18333
2400;3.105
2400;3.09167
2400;3.18167
2400;3.12833
2400;3.125
2400;3.12333
2400;3.15333
2400;3.15
2400;3.14667
2400;3.14167
2400;3.22
2400;3.10833
2400;3.165
2400;3.16
2400;3.12167
2400;3.15333
2400;3.135
2400;3.12333
2400;3.12167
2400;3.20167
2400;3.14167
2400;3.14167
2400;3.08667
2450;3.14939
2450;3.10694
2450;3.14122
2450;3.14449
2450;3.14612
2450;3.12327
2450;3.18204
2450;3.1249
2450;3.12
2450;3.15265
2450;3.13469
2450;3.09714
2450;3.12816
2450;3.1249
2450;3.18367
2450;3.17061
2450;3.10694
2450;3.12816
2450;3.17224
2450;3.16898
2450;3.15592
2450;3.1249
2450;3.12653
2450;3.15265
2450;3.08898
2450;3.15102
2450;3.13796
2450;3.16082
2450;3.13959
2450;3.15265
2450;3.14122
2450;3.17551
2450;3.13143
2450;3.10531
2450;3.12816
2450;3.17061
2450;3.12163
2450;3.13469
2450;3.13796
2450;3.15429
2450;3.11184
2450;3.12327
2450;3.12816
2450;3.13633
2450;3.2
2450;3.1298
2450;3.17061
2450;3.10204
2450;3.10204
2450;3.13796
2500;3.0608
2500;3.104
2500;3.168
2500;3.1712
2500;3.152
2500;3.1504
2500;3.1728
2500;3.1264
2500;3.1728
2500;3.0912
2500;3.1584
2500;3.1376
2500;3.1248
2500;3.1376
2500;3.1248
2500;3.1616
2500;3.2112
2500;3.128
2500;3.144
2500;3.1168
2500;3.1616
2500;3.1296
2500;3.16
2500;3.152
2500;3.144
2500;3.1344
2500;3.1296
2500;3.1536
2500;3.1344
2500;3.1408
2500;3.1792
2500;3.1648
2500;3.1808
2500;3.1568
2500;3.1872
2500;3.128
2500;3.1568
2500;3.1424
2500;3.1424
2500;3.1344
2500;3.1696
2500;3.1552
2500;3.1072
2500;3.0816
2500;3.1712
2500;3.1648
2500;3.2016
2500;3.2016
2500;3.2128
2500;3.1488
2550;3.17333
2550;3.11686
2550;3.15922
2550;3.09176
2550;3.19373
2550;3.1702
2550;3.0949
2550;3.13098
2550;3.13725
2550;3.14039
2550;3.12314
2550;3.16078
2550;3.13725
2550;3.10431
2550;3.08235
2550;3.16235
2550;3.14824
2550;3.20471
2550;3.16863
2550;3.1451
2550;3.17176
2550;3.18118
2550;3.1498
2550;3.15765
2550;3.17176
2550;3.12314
2550;3.14667
2550;3.13882
2550;3.19373
2550;3.13882
2550;3.12
2550;3.15294
2550;3.10902
2550;3.18902
2550;3.15922
2550;3.0698
2550;3.11373
2550;3.1498
2550;3.1749
2550;3.16863
2550;3.16235
2550;3.12784
2550;3.21255
2550;3.20941
2550;3.08863
2550;3.17647
2550;3.19059
2550;3.08392
2550;3.16235
2550;3.14667
2600;3.18154
2600;3.20308
2600;3.11385
2600;3.14308
2600;3.15231
2600;3.19385
2600;3.16154
2600;3.15385
2600;3.11538
2600;3.09385
2600;3.10462
2600;3.13846
2600;3.12154
2600;3.17692
2600;3.12462
2600;3.15692
2600;3.16308
2600;3.17077
2600;3.17846
2600;3.11692
2600;3.17231
2600;3.16462
2600;3.10154
2600;3.15077
2600;3.15846
2600;3.13231
2600;3.14923
2600;3.08462
2600;3.21538
2600;3.18615
2600;3.14308
2600;3.12462
2600;3.13538
2600;3.07538
2600;3.12308
2600;3.14462
2600;3.14154
2600;3.15692
2600;3.18615
2600;3.10923
2600;3.12769
2600;3.20769
2600;3.16308
2600;3.17231
2600;3.16615
2600;3.14769
2600;3.08769
2600;3.17385
2600;3.18154
2600;3.13692
2650;3.18491
2650;3.16226
2650;3.17887
2650;3.14717
2650;3.20604
2650;3.09887
2650;3.14868
2650;3.15925
2650;3.14415
2650;3.17585
2650;3.14868
2650;3.16226
2650;3.17434
2650;3.18491
2650;3.17283
2650;3.11849
2650;3.15472
2650;3.18943
2650;3.1034
2650;3.12151
2650;3.17283
2650;3.1834
2650;3.14717
2650;3.1683
2650;3.1034
2650;3.14113
2650;3.14264
2650;3.12755
2650;3.18038
2650;3.18038
2650;3.13057
2650;3.11396
2650;3.10491
2650;3.14717
2650;3.07925
2650;3.14415
2650;3.12151
2650;3.18642
2650;3.11245
2650;3.17283
2650;3.13962
2650;3.16528
2650;3.13208
2650;3.1517
2650;3.14566
2650;3.15472
2650;3.11849
2650;3.14868
2650;3.15019
2650;3.12453
2700;3.1363
2700;3.14074
2700;3.10222
2700;3.08
2700;3.12741
2700;3.13037
2700;3.13333
2700;3.06815
2700;3.18519
2700;3.09185
2700;3.18667
2700;3.15852
2700;3.15111
2700;3.15704
2700;3.08296
2700;3.13037
2700;3.11259
2700;3.0237
2700;3.16
2700;3.16444
2700;3.08593
2700;3.09037
2700;3.15704
2700;3.12444
2700;3.14222
2700;3.14074
2700;3.12148
2700;3.09778
2700;3.14815
2700;3.12296
2700;3.16
2700;3.13778
2700;3.16
2700;3.16741
2700;3.07259
2700;3.14519
2700;3.12
2700;3.17333
2700;3.19852
2700;3.09185
2700;3.11704
2700;3.11111
2700;3.15111
2700;3.13037
2700;3.16148
2700;3.15704
2700;3.18074
2700;3.13185
2700;3.14667
2700;3.14815
2750;3.14327
2750;3.152
2750;3.19273
2750;3.168
2750;3.07491
2750;3.13891
2750;3.15927
2750;3.072
2750;3.15345
2750;3.14473
2750;3.09818
2750;3.14618
2750;3.11418
2750;3.14327
2750;3.12145
2750;3.07345
2750;3.20145
2750;3.16509
2750;3.16945
2750;3.17091
2750;3.14909
2750;3.07491
2750;3.136
2750;3.13891
2750;3.11127
2750;3.15491
2750;3.04
2750;3.18836
2750;3.17818
2750;3.10982
2750;3.13018
2750;3.16655
2750;3.12291
2750;3.15491
2750;3.12291
2750;3.15345
2750;3.13309
2750;3.13455
2750;3.13018
2750;3.11273
2750;3.104
2750;3.13745
2750;3.16945
2750;3.15055
2750;3.2
2750;3.14618
2750;3.15055
2750;3.12
2750;3.10691
2750;3.18836
2800;3.12143
2800;3.15571
2800;3.13429
2800;3.13
2800;3.15143
2800;3.17429
2800;3.14
2800;3.13857
2800;3.18714
2800;3.14571
2800;3.15857
2800;3.13857
2800;3.17571
2800;3.15571
2800;3.18714
2800;3.17143
2800;3.10571
2800;3.11571
2800;3.16429
2800;3.14714
2800;3.15286
2800;3.14429
2800;3.15714
2800;3.14714
2800;3.13857
2800;3.11143
2800;3.16714
2800;3.15857
2800;3.15143
2800;3.13857
2800;3.13143
2800;3.18571
2800;3.16
2800;3.11857
2800;3.14571
2800;3.16
2800;3.12714
2800;3.13
2800;3.15714
2800;3.18143
2800;3.16143
2800;3.14143
2800;3.12714
2800;3.14
2800;3.14429
2800;3.14286
2800;3.18857
2800;3.15571
2800;3.11714
2800;3.12143
2850;3.17895
2850;3.14807
2850;3.14246
2850;3.1593
2850;3.1593
2850;3.16772
2850;3.13684
2850;3.11439
2850;3.09614
2850;3.14526
2850;3.13123
2850;3.09754
2850;3.13965
2850;3.16632
2850;3.14386
2850;3.15228
2850;3.14246
2850;3.09895
2850;3.12982
2850;3.15228
2850;3.12842
2850;3.15368
2850;3.13684
2850;3.09895
2850;3.19018
2850;3.13404
2850;3.10596
2850;3.16912
2850;3.11298
2850;3.12842
2850;3.13825
2850;3.0807
2850;3.17193
2850;3.17333
2850;3.16772
2850;3.14807
2850;3.1186
2850;3.08632
2850;3.16211
2850;3.14667
2850;3.12702
2850;3.12281
2850;3.16211
2850;3.09895
2850;3.11298
2850;3.0807
2850;3.2
2850;3.14807
2850;3.14807
2850;3.15368
2900;3.17793
2900;3.15172
2900;3.14759
2900;3.16828
2900;3.16
2900;3.09793
2900;3.16966
2900;3.14345
2900;3.17517
2900;3.16138
2900;3.14759
2900;3.21103
2900;3.1131
2900;3.13655
2900;3.18207
2900;3.16138
2900;3.05517
2900;3.12
2900;3.15172
2900;3.16828
2900;3.13655
2900;3.15586
2900;3.19724
2900;3.15862
2900;3.16966
2900;3.11862
2900;3.19034
2900;3.20138
2900;3.17241
2900;3.10759
2900;3.10621
2900;3.13793
2900;3.13655
2900;3.12276
2900;3.13103
2900;3.17517
2900;3.13655
2900;3.14897
2900;3.18207
2900;3.07724
2900;3.12552
2900;3.13793
2900;3.13793
2900;3.14483
2900;3.12552
2900;3.16414
2900;3.1131
2900;3.13655
2900;3.09793
2900;3.10483
2950;3.11458
2950;3.15932
2950;3.15932
2950;3.14847
2950;3.06712
2950;3.1539
2950;3.13356
2950;3.17017
2950;3.14576
2950;3.16339
2950;3.11593
2950;3.10102
2950;3.14847
2950;3.14169
2950;3.12136
2950;3.09695
2950;3.12949
2950;3.16203
2950;3.13627
2950;3.11322
2950;3.11593
2950;3.14983
2950;3.20271
2950;3.14576
2950;3.12949
2950;3.10237
2950;3.19864
2950;3.19458
2950;3.14983
2950;3.15525
2950;3.14712
2950;3.15797
2950;3.11051
2950;3.15661
2950;3.18237
2950;3.17559
2950;3.09695
2950;3.0739
2950;3.13898
2950;3.14441
2950;3.14169
2950;3.1539
2950;3.13898
2950;3.17695
2950;3.18644
2950;3.10915
2950;3.06983
2950;3.10508
2950;3.11458
2950;3.15797
3000;3.14667
3000;3.13733
3000;3.15067
3000;3.156
3000;3.14533
3000;3.14133
3000;3.14133
3000;3.12267
3000;3.15333
3000;3.188
3000;3.20267
3000;3.18667
3000;3.13867
3000;3.14
3000;3.112
3000;3.14133
3000;3.16533
3000;3.152
3000;3.13467
3000;3.14933
3000;3.03733
3000;3.084
3000;3.21067
3000;3.17467
3000;3.15067
3000;3.17733
3000;3.236
3000;3.18933
3000;3.10533
3000;3.14533
3000;3.12533
3000;3.17333
3000;3.19333
3000;3.11067
3000;3.132
3000;3.088
3000;3.13067
3000;3.08
3000;3.168
3000;3.12667
3000;3.12133
3000;3.116
3000;3.152
3000;3.09733
3000;3.17733
3000;3.1
3000;3.17467
3000;3.13733
3000;3.14667
3000;3.16533
3050;3.0859
3050;3.16721
3050;3.1423
3050;3.11738
3050;3.11738
3050;3.14754
3050;3.12393
3050;3.09902
3050;3.14361
3050;3.14623
3050;3.17115
3050;3.18295
3050;3.12
3050;3.14623
3050;3.14492
3050;3.07541
3050;3.1423
3050;3.10951
3050;3.14098
3050;3.15279
3050;3.15148
3050;3.18033
3050;3.12262
3050;3.17902
3050;3.10689
3050;3.19607
3050;3.14492
3050;3.12131
3050;3.09377
3050;3.15541
3050;3.16984
3050;3.15016
3050;3.17377
3050;3.18295
3050;3.0741
3050;3.13443
3050;3.16459
3050;3.16721
3050;3.10295
3050;3.11082
3050;3.14098
3050;3.18295
3050;3.08984
3050;3.0977
3050;3.16984
3050;3.12262
3050;3.15803
3050;3.09377
3050;3.14361
3050;3.12525
3100;3.12
3100;3.20129
3100;3.08903
3100;3.14968
3100;3.12645
3100;3.18323
3100;3.1071
3100;3.18194
3100;3.16645
3100;3.13806
3100;3.17419
3100;3.12774
3100;3.12
3100;3.17806
3100;3.14452
3100;3.18581
3100;3.15355
3100;3.1471
3100;3.18452
3100;3.15742
3100;3.17935
3100;3.18194
3100;3.16903
3100;3.12387
3100;3.10968
3100;3.14065
3100;3.14323
3100;3.14065
3100;3.14065
3100;3.12516
3100;3.17806
3100;3.12129
3100;3.12645
3100;3.13548
3100;3.16516
3100;3.14968
3100;3.13677
3100;3.14065
3100;3.13548
3100;3.1729
3100;3.14839
3100;3.15355
3100;3.12129
3100;3.17419
3100;3.12516
3100;3.1071
3100;3.13935
3100;3.09548
3100;3.14968
3100;3.12774
3150;3.13905
3150;3.19492
3150;3.15175
3150;3.18984
3150;3.1073
3150;3.16444
3150;3.13651
3150;3.19238
3150;3.17333
3150;3.13143
3150;3.11111
3150;3.15429
3150;3.18476
3150;3.17206
3150;3.15683
3150;3.15175
3150;3.11746
3150;3.12508
3150;3.1327
3150;3.11873
3150;3.16825
3150;3.20254
3150;3.13397
3150;3.11746
3150;3.16698
3150;3.12762
3150;3.10222
3150;3.14667
3150;3.12889
3150;3.20762
3150;3.12889
3150;3.17206
3150;3.13778
3150;3.14032
3150;3.1581
3150;3.1619
3150;3.1073
3150;3.20127
3150;3.18984
3150;3.1873
3150;3.10857
3150;3.12127
3150;3.20381
3150;3.12254
3150;3.11111
3150;3.15556
3150;3.18349
3150;3.15302
3150;3.14921
3150;3.17714
3200;3.13
3200;3.18375
3200;3.17875
3200;3.13125
3200;3.11
3200;3.14875
3200;3.16875
3200;3.1225
3200;3.1475
3200;3.1375
3200;3.15125
3200;3.16875
3200;3.13875
3200;3.16625
3200;3.165
3200;3.15125
3200;3.11875
3200;3.10125
3200;3.19875
3200;3.14625
3200;3.14
3200;3.1425
3200;3.15
3200;3.1125
3200;3.16875
3200;3.075
3200;3.14375
3200;3.15125
3200;3.12625
3200;3.135
3200;3.07875
3200;3.1525
3200;3.185
3200;3.1475
3200;3.09375
3200;3.17
3200;3.13625
3200;3.1425
3200;3.105
3200;3.1175
3200;3.15875
3200;3.185
3200;3.13
3200;3.16625
3200;3.14875
3200;3.17
3200;3.13875
3200;3.1325
3200;3.08125
3200;3.165
3250;3.11015
3250;3.14338
3250;3.14092
3250;3.12985
3250;3.16062
3250;3.11754
3250;3.11631
3250;3.12862
3250;3.11385
3250;3.08554
3250;3.10769
3250;3.12246
3250;3.14954
3250;3.15446
3250;3.08677
3250;3.13723
3250;3.13108
3250;3.09169
3250;3.16062
3250;3.05846
3250;3.10523
3250;3.11631
3250;3.12
3250;3.136
3250;3.13477
3250;3.18892
3250;3.12615
3250;3.10769
3250;3.11385
3250;3.15569
3250;3.09046
3250;3.12
3250;3.15938
3250;3.18031
3250;3.16308
3250;3.11138
3250;3.16185
3250;3.11138
3250;3.14215
3250;3.152
3250;3.11508
3250;3.16431
3250;3.11508
3250;3.11631
3250;3.15815
3250;3.11262
3250;3.136
3250;3.10031
3250;3.10523
3250;3.16677
3300;3.14909
3300;3.16242
3300;3.10909
3300;3.1697
3300;3.10061
3300;3.12242
3300;3.13212
3300;3.12848
3300;3.20848
3300;3.13455
3300;3.17697
3300;3.14061
3300;3.11394
3300;3.13212
3300;3.18909
3300;3.19273
3300;3.12727
3300;3.11636
3300;3.17939
3300;3.14667
3300;3.13091
3300;3.17212
3300;3.11515
3300;3.17091
3300;3.15515
3300;3.14303
3300;3.13818
3300;3.16242
3300;3.12242
3300;3.12848
3300;3.10909
3300;3.11758
3300;3.15394
3300;3.15515
3300;3.10788
3300;3.1697
3300;3.14909
3300;3.09455
3300;3.13455
3300;3.11152
3300;3.11152
3300;3.14909
3300;3.12485
3300;3.09091
3300;3.06909
3300;3.16606
3300;3.12485
3300;3.15636
3300;3.12485
3300;3.15879
3350;3.17851
3350;3.19761
3350;3.11522
3350;3.14866
3350;3.11642
3350;3.16896
3350;3.16418
3350;3.12358
3350;3.17731
3350;3.18448
3350;3.12358
3350;3.10328
3350;3.13313
3350;3.13791
3350;3.13672
3350;3.14627
3350;3.13791
3350;3.13194
3350;3.14866
3350;3.12478
3350;3.16657
3350;3.1594
3350;3.10806
3350;3.1797
3350;3.18328
3350;3.16418
3350;3.15104
3350;3.12
3350;3.13313
3350;3.12836
3350;3.13433
3350;3.11881
3350;3.15343
3350;3.17612
3350;3.15343
3350;3.15104
3350;3.10567
3350;3.12955
3350;3.13194
3350;3.13194
3350;3.14507
3350;3.09612
3350;3.12478
3350;3.1403
3350;3.09612
3350;3.1391
3350;3.11761
3350;3.17612
3350;3.17254
3350;3.10448
3400;3.14824
3400;3.14706
3400;3.12118
3400;3.12824
3400;3.12824
3400;3.17647
3400;3.18471
3400;3.12706
3400;3.14706
3400;3.16
3400;3.14
3400;3.17059
3400;3.15529
3400;3.11176
3400;3.10706
3400;3.19647
3400;3.13059
3400;3.07647
3400;3.12941
3400;3.11529
3400;3.14353
3400;3.14588
3400;3.16588
3400;3.19176
3400;3.13294
3400;3.18235
3400;3.18588
3400;3.14471
3400;3.15294
3400;3.16588
3400;3.12118
3400;3.19176
3400;3.17176
3400;3.16
3400;3.12
3400;3.15412
3400;3.15647
3400;3.15529
3400;3.12118
3400;3.16941
3400;3.16588
3400;3.07294
3400;3.14235
3400;3.09882
3400;3.16118
3400;3.08588
3400;3.18824
3400;3.12706
3400;3.16706
3400;3.13412
3450;3.14203
3450;3.10493
3450;3.21275
3450;3.10841
3450;3.13391
3450;3.2
3450;3.14551
3450;3.17333
3450;3.13043
3450;3.09333
3450;3.10609
3450;3.16174
3450;3.17565
3450;3.10957
3450;3.13507
3450;3.17797
3450;3.12928
3450;3.20116
3450;3.14899
3450;3.17565
3450;3.09797
3450;3.17101
3450;3.09913
3450;3.15594
3450;3.16406
3450;3.14551
3450;3.19536
3450;3.1687
3450;3.05855
3450;3.19884
3450;3.11072
3450;3.10493
3450;3.12
3450;3.14783
3450;3.14203
3450;3.12116
3450;3.16638
3450;3.1687
3450;3.15942
3450;3.14899
3450;3.18609
3450;3.1142
3450;3.14435
3450;3.16638
3450;3.18957
3450;3.12232
3450;3.13275
3450;3.12348
3450;3.15246
3450;3.11536
3500;3.11086
3500;3.128
3500;3.15657
3500;3.176
3500;3.17714
3500;3.14286
3500;3.15314
3500;3.17257
3500;3.11086
3500;3.152
3500;3.15086
3500;3.12
3500;3.11314
3500;3.11657
3500;3.16914
3500;3.14286
3500;3.14743
3500;3.12229
3500;3.15086
3500;3.14057
3500;3.16114
3500;3.20914
3500;3.17829
3500;3.112
3500;3.18286
3500;3.10857
3500;3.10629
3500;3.15429
3500;3.13943
3500;3.14629
3500;3.13829
3500;3.14286
3500;3.112
3500;3.112
3500;3.12914
3500;3.15886
3500;3.16914
3500;3.12686
3500;3.16457
3500;3.11314
3500;3.192
3500;3.14514
3500;3.152
3500;3.144
3500;3.128
3500;3.14057
3500;3.16114
3500;3.12686
3500;3.16571
3500;3.17143
3550;3.10197
3550;3.17746
3550;3.18986
3550;3.12
3550;3.11099
3550;3.12789
3550;3.09972
3550;3.11887
3550;3.12338
3550;3.21465
3550;3.15268
3550;3.08958
3550;3.08282
3550;3.12676
3550;3.17183
3550;3.12
3550;3.1662
3550;3.21239
3550;3.12
3550;3.1493
3550;3.12789
3550;3.12676
3550;3.17746
3550;3.09183
3550;3.12563
3550;3.14366
3550;3.17296
3550;3.13803
3550;3.08056
3550;3.16056
3550;3.07493
3550;3.13465
3550;3.10085
3550;3.15155
3550;3.1369
3550;3.10423
3550;3.14592
3550;3.14592
3550;3.06479
3550;3.14592
3550;3.17296
3550;3.18648
3550;3.13577
3550;3.15155
3550;3.09634
3550;3.13352
3550;3.15831
3550;3.12338
3550;3.16056
3550;3.13127
3600;3.18
3600;3.14444
3600;3.11667
3600;3.17222
3600;3.10444
3600;3.11556
3600;3.12
3600;3.10556
3600;3.16
3600;3.09444
3600;3.16333
3600;3.17889
3600;3.16111
3600;3.17111
3600;3.14
3600;3.11667
3600;3.13444
3600;3.15667
3600;3.14556
3600;3.16333
3600;3.10333
3600;3.14889
3600;3.13111
3600;3.11
3600;3.15111
3600;3.08667
3600;3.17
3600;3.17
3600;3.18444
3600;3.14667
3600;3.20778
3600;3.09222
3600;3.12667
3600;3.09889
3600;3.12778
3600;3.12556
3600;3.13
3600;3.15
3600;3.14889
3600;3.13667
3600;3.13222
3600;3.08667
3600;3.16222
3600;3.13778
3600;3.15444
3600;3.14889
3600;3.14333
3600;3.12444
3600;3.15667
3600;3.13667
3650;3.12438
3650;3.14411
3650;3.07836
3650;3.15397
3650;3.13205
3650;3.10247
3650;3.11123
3650;3.18247
3650;3.17918
3650;3.12329
3650;3.14192
3650;3.13753
3650;3.16055
3650;3.13425
3650;3.16603
3650;3.14301
3650;3.11452
3650;3.14959
3650;3.0663
3650;3.12548
3650;3.13973
3650;3.18466
3650;3.13315
3650;3.11671
3650;3.20877
3650;3.11781
3650;3.09918
3650;3.16384
3650;3.17479
3650;3.10685
3650;3.16055
3650;3.18137
3650;3.15726
3650;3.15945
3650;3.11781
3650;3.13425
3650;3.11233
3650;3.19233
3650;3.16164
3650;3.1189
3650;3.12877
3650;3.12658
3650;3.14082
3650;3.10247
3650;3.12658
3650;3.1463
3650;3.15616
3650;3.11123
3650;3.13096
3650;3.17589
3700;3.14054
3700;3.14811
3700;3.11459
3700;3.07892
3700;3.16432
3700;3.16216
3700;3.18703
3700;3.16973
3700;3.17081
3700;3.12432
3700;3.15459
3700;3.12324
3700;3.15135
3700;3.16216
3700;3.12757
3700;3.16108
3700;3.14054
3700;3.11351
3700;3.16216
3700;3.15568
3700;3.13946
3700;3.19243
3700;3.15027
3700;3.13189
3700;3.12
3700;3.15892
3700;3.16541
3700;3.11351
3700;3.18054
3700;3.16757
3700;3.12432
3700;3.16108
3700;3.14486
3700;3.19351
3700;3.15784
3700;3.15784
3700;3.15135
3700;3.16
3700;3.11892
3700;3.11892
3700;3.10378
3700;3.16865
3700;3.15027
3700;3.12216
3700;3.14703
3700;3.15676
3700;3.12973
3700;3.14378
3700;3.18378
3700;3.18054
3750;3.13813
3750;3.13813
3750;3.09867
3750;3.15733
3750;3.1616
3750;3.15307
3750;3.13707
3750;3.1328
3750;3.15627
3750;3.09867
3750;3.15947
3750;3.0912
3750;3.14773
3750;3.13493
3750;3.13813
3750;3.17547
3750;3.1136
3750;3.12213
3750;3.14773
3750;3.11253
3750;3.1072
3750;3.14027
3750;3.10613
3750;3.09973
3750;3.12533
3750;3.14133
3750;3.15307
3750;3.13387
3750;3.10507
3750;3.16053
3750;3.17653
3750;3.13173
3750;3.1776
3750;3.14133
3750;3.1776
3750;3.18613
3750;3.1232
3750;3.14773
3750;3.09547
3750;3.14773
3750;3.16053
3750;3.13387
3750;3.152
3750;3.12427
3750;3.10933
3750;3.1584
3750;3.168
3750;3.11467
3750;3.1552
3750;3.0816
3800;3.14
3800;3.16421
3800;3.10632
3800;3.10947
3800;3.14211
3800;3.12526
3800;3.11053
3800;3.10316
3800;3.12
3800;3.12737
3800;3.12947
3800;3.16
3800;3.16
3800;3.17684
3800;3.19053
3800;3.12632
3800;3.15789
3800;3.14526
3800;3.14632
3800;3.17368
3800;3.08
3800;3.16421
3800;3.12421
3800;3.09474
3800;3.17684
3800;3.14421
3800;3.15895
3800;3.09579
3800;3.14316
3800;3.11895
3800;3.18211
3800;3.14526
3800;3.15579
3800;3.15579
3800;3.14632
3800;3.12105
3800;3.14211
3800;3.12316
3800;3.13895
3800;3.19684
3800;3.16526
3800;3.18737
3800;3.16632
3800;3.14842
3800;3.14421
3800;3.11895
3800;3.18316
3800;3.17895
3800;3.12842
3800;3.14421
3850;3.12519
3850;3.1013
3850;3.18857
3850;3.16364
3850;3.08675
3850;3.09299
3850;3.14597
3850;3.09091
3850;3.1439
3850;3.13558
3850;3.14286
3850;3.12935
3850;3.1574
3850;3.10545
3850;3.19896
3850;3.16675
3850;3.13143
3850;3.13039
3850;3.14286
3850;3.10234
3850;3.11896
3850;3.20416
3850;3.14909
3850;3.13039
3850;3.15221
3850;3.1387
3850;3.13143
3850;3.16675
3850;3.13662
3850;3.12935
3850;3.17506
3850;3.14494
3850;3.15325
3850;3.15532
3850;3.14286
3850;3.12
3850;3.13558
3850;3.09299
3850;3.14805
3850;3.14701
3850;3.1387
3850;3.14805
3850;3.16052
3850;3.15325
3850;3.12
3850;3.16364
3850;3.16364
3850;3.12104
3850;3.11792
3850;3.14182
3900;3.08718
3900;3.16718
3900;3.09949
3900;3.15179
3900;3.11692
3900;3.12103
3900;3.1159
3900;3.16513
3900;3.11282
3900;3.16923
3900;3.15487
3900;3.12923
3900;3.16103
3900;3.14974
3900;3.16103
3900;3.12308
3900;3.17538
3900;3.12308
3900;3.10872
3900;3.16308
3900;3.13026
3900;3.09026
3900;3.14051
3900;3.15795
3900;3.18974
3900;3.17538
3900;3.12718
3900;3.16
3900;3.11795
3900;3.14462
3900;3.14564
3900;3.15897
3900;3.12308
3900;3.17436
3900;3.15077
3900;3.15897
3900;3.11897
3900;3.16513
3900;3.11179
3900;3.13436
3900;3.13231
3900;3.17333
3900;3.11179
3900;3.10667
3900;3.19385
3900;3.12
3900;3.13744
3900;3.14667
3900;3.10154
3900;3.14154
3950;3.11899
3950;3.14734
3950;3.15139
3950;3.09772
3950;3.12
3950;3.12304
3950;3.15544
3950;3.16253
3950;3.11291
3950;3.11797
3950;3.17975
3950;3.12304
3950;3.15443
3950;3.09873
3950;3.12304
3950;3.15443
3950;3.13823
3950;3.12506
3950;3.15038
3950;3.12405
3950;3.18076
3950;3.15544
3950;3.13215
3950;3.11392
3950;3.14532
3950;3.1362
3950;3.1757
3950;3.15443
3950;3.13114
3950;3.1443
3950;3.16962
3950;3.16658
3950;3.13722
3950;3.17266
3950;3.0957
3950;3.12911
3950;3.14228
3950;3.11089
3950;3.18076
3950;3.11797
3950;3.18785
3950;3.14532
3950;3.14532
3950;3.15342
3950;3.16658
3950;3.13316
3950;3.20911
3950;3.11696
3950;3.13316
3950;3.16456
4000;3.186
4000;3.155
4000;3.134
4000;3.107
4000;3.128
4000;3.13
4000;3.149
4000;3.116
4000;3.124
4000;3.151
4000;3.156
4000;3.101
4000;3.102
4000;3.151
4000;3.135
4000;3.129
4000;3.152
4000;3.113
4000;3.161
4000;3.121
4000;3.126
4000;3.181
4000;3.125
4000;3.137
4000;3.14
4000;3.172
4000;3.11
4000;3.082
4000;3.163
4000;3.169
4000;3.156
4000;3.159
4000;3.179
4000;3.129
4000;3.12
4000;3.164
4000;3.146
4000;3.139
4000;3.145
4000;3.151
4000;3.129
4000;3.118
4000;3.16
4000;3.148
4000;3.139
4000;3.132
4000;3.14
4000;3.185
4000;3.195
4000;3.147
4050;3.17333
4050;3.12988
4050;3.14469
4050;3.17827
4050;3.16148
4050;3.15062
4050;3.13778
4050;3.13284
4050;3.15457
4050;3.14173
4050;3.11802
4050;3.1358
4050;3.09728
4050;3.14074
4050;3.1437
4050;3.10617
4050;3.15358
4050;3.17432
4050;3.15259
4050;3.1358
4050;3.08642
4050;3.09235
4050;3.13086
4050;3.15753
4050;3.1437
4050;3.1437
4050;3.13185
4050;3.16642
4050;3.13185
4050;3.13975
4050;3.13284
4050;3.17037
4050;3.12889
4050;3.12099
4050;3.1684
4050;3.14864
4050;3.09333
4050;3.15457
4050;3.15358
4050;3.15951
4050;3.14765
4050;3.2
4050;3.15852
4050;3.10716
4050;3.12988
4050;3.16247
4050;3.16148
4050;3.15259
4050;3.12988
4050;3.10914
4100;3.15707
4100;3.16098
4100;3.14829
4100;3.14049
4100;3.11024
4100;3.13366
4100;3.14049
4100;3.13659
4100;3.15024
4100;3.14146
4100;3.12098
4100;3.11902
4100;3.13951
4100;3.13073
4100;3.13171
4100;3.1639
4100;3.07707
4100;3.09659
4100;3.14049
4100;3.12
4100;3.11512
4100;3.14439
4100;3.16976
4100;3.18146
4100;3.21463
4100;3.14341
4100;3.15317
4100;3.09756
4100;3.17463
4100;3.14341
4100;3.15024
4100;3.18537
4100;3.10341
4100;3.14927
4100;3.14146
4100;3.16585
4100;3.1161
4100;3.18829
4100;3.16293
4100;3.13073
4100;3.17951
4100;3.11902
4100;3.13463
4100;3.18927
4100;3.13951
4100;3.14341
4100;3.18537
4100;3.13951
4100;3.19317
4100;3.12585
4150;3.14988
4150;3.1412
4150;3.12867
4150;3.10747
4150;3.12482
4150;3.14795
4150;3.12578
4150;3.07566
4150;3.16048
4150;3.13446
4150;3.14892
4150;3.16723
4150;3.10072
4150;3.12964
4150;3.14217
4150;3.13831
4150;3.16337
4150;3.18458
4150;3.13639
4150;3.13735
4150;3.11711
4150;3.12289
4150;3.10169
4150;3.11229
4150;3.17301
4150;3.12
4150;3.16627
4150;3.15952
4150;3.15084
4150;3.08337
4150;3.10169
4150;3.11807
4150;3.13639
4150;3.12578
4150;3.12386
4150;3.15855
4150;3.17012
4150;3.19904
4150;3.13735
4150;3.13735
4150;3.14699
4150;3.13928
4150;3.14988
4150;3.16145
4150;3.16819
4150;3.08337
4150;3.13928
4150;3.09108
4150;3.13253
4150;3.15566
4200;3.1381
4200;3.17619
4200;3.12857
4200;3.16286
4200;3.14952
4200;3.14476
4200;3.16571
4200;3.15524
4200;3.15905
4200;3.13143
4200;3.13524
4200;3.16762
4200;3.09714
4200;3.10952
4200;3.1219
4200;3.09524
4200;3.16381
4200;3.14667
4200;3.14952
4200;3.12952
4200;3.14
4200;3.12857
4200;3.09619
4200;3.16952
4200;3.13048
4200;3.14286
4200;3.12
4200;3.08571
4200;3.17905
4200;3.16762
4200;3.11143
4200;3.12
4200;3.18762
4200;3.17238
4200;3.14381
4200;3.1219
4200;3.09524
4200;3.13143
4200;3.13238
4200;3.15905
4200;3.14952
4200;3.14762
4200;3.18286
4200;3.14762
4200;3.13048
4200;3.14
4200;3.09619
4200;3.14095
4200;3.11143
4200;3.10381
4250;3.13882
4250;3.16141
4250;3.152
4250;3.14918
4250;3.16424
4250;3.168
4250;3.10871
4250;3.18306
4250;3.13506
4250;3.15765
4250;3.12847
4250;3.16518
4250;3.11341
4250;3.15859
4250;3.11341
4250;3.14541
4250;3.15765
4250;3.15765
4250;3.10494
4250;3.15388
4250;3.14071
4250;3.17082
4250;3.14541
4250;3.16706
4250;3.12941
4250;3.14353
4250;3.17929
4250;3.10494
4250;3.17271
4250;3.14259
4250;3.14918
4250;3.17271
4250;3.18212
4250;3.13318
4250;3.18118
4250;3.11718
4250;3.12941
4250;3.12188
4250;3.16047
4250;3.16047
4250;3.14353
4250;3.14918
4250;3.18212
4250;3.16424
4250;3.12565
4250;3.16047
4250;3.16329
4250;3.11247
4250;3.13318
4250;3.13882
4300;3.11721
4300;3.15628
4300;3.10884
4300;3.09302
4300;3.12093
4300;3.12372
4300;3.16186
4300;3.14047
4300;3.16744
4300;3.0893
4300;3.12744
4300;3.14419
4300;3.1814
4300;3.11628
4300;3.07256
4300;3.16279
4300;3.12279
4300;3.12093
4300;3.15349
4300;3.13302
4300;3.17953
4300;3.12465
4300;3.16465
4300;3.10698
4300;3.12744
4300;3.12744
4300;3.18512
4300;3.14326
4300;3.13953
4300;3.14698
4300;3.12558
4300;3.13395
4300;3.07163
4300;3.11349
4300;3.14047
4300;3.11535
4300;3.11535
4300;3.13581
4300;3.16372
4300;3.16
4300;3.17116
4300;3.1014
4300;3.10419
4300;3.13302
4300;3.1414
4300;3.14884
4300;3.15442
4300;3.12372
4300;3.10605
4300;3.12186
4350;3.15126
4350;3.12184
4350;3.11448
4350;3.14023
4350;3.12736
4350;3.11356
4350;3.17149
4350;3.17149
4350;3.08138
4350;3.13563
4350;3.13287
4350;3.16414
4350;3.09425
4350;3.20644
4350;3.13931
4350;3.17609
4350;3.13195
4350;3.14391
4350;3.10529
4350;3.1531
4350;3.13747
4350;3.13379
4350;3.13379
4350;3.13563
4350;3.09977
4350;3.09885
4350;3.08322
4350;3.18621
4350;3.13471
4350;3.11448
4350;3.17977
4350;3.1623
4350;3.15402
4350;3.11632
4350;3.1669
4350;3.10621
4350;3.14759
4350;3.15678
4350;3.14023
4350;3.19356
4350;3.05747
4350;3.13379
4350;3.10713
4350;3.14023
4350;3.17425
4350;3.13839
4350;3.15218
4350;3.14023
4350;3.17701
4350;3.09885
4400;3.12545
4400;3.15
4400;3.10636
4400;3.13273
4400;3.16818
4400;3.15
4400;3.14818
4400;3.16364
4400;3.17
4400;3.12545
4400;3.13
4400;3.11
4400;3.13727
4400;3.08091
4400;3.17
4400;3.13727
4400;3.16
4400;3.14364
4400;3.21
4400;3.16636
4400;3.16182
4400;3.13909
4400;3.09091
4400;3.12636
4400;3.13727
4400;3.14909
4400;3.14273
4400;3.10091
4400;3.12909
4400;3.11727
4400;3.13818
4400;3.12818
4400;3.10545
4400;3.11909
4400;3.15364
4400;3.15091
4400;3.09909
4400;3.16727
4400;3.12727
4400;3.10909
4400;3.13182
4400;3.14727
4400;3.12091
4400;3.12273
4400;3.18182
4400;3.14818
4400;3.14909
4400;3.15273
4400;3.16455
4400;3.14091
4450;3.11281
4450;3.12449
4450;3.15146
4450;3.10202
4450;3.11551
4450;3.14247
4450;3.14157
4450;3.11281
4450;3.18921
4450;3.13438
4450;3.14157
4450;3.12989
4450;3.15416
4450;3.17843
4450;3.07416
4450;3.14876
4450;3.13438
4450;3.1182
4450;3.13798
4450;3.15865
4450;3.15865
4450;3.14517
4450;3.12719
4450;3.15416
4450;3.14157
4450;3.17213
4450;3.14337
4450;3.16584
4450;3.10382
4450;3.1173
4450;3.15416
4450;3.16225
4450;3.10652
4450;3.13618
4450;3.18562
4450;3.15506
4450;3.08944
4450;3.15146
4450;3.16854
4450;3.1182
4450;3.14607
4450;3.13708
4450;3.06966
4450;3.14247
4450;3.14247
4450;3.12
4450;3.13798
4450;3.10292
4450;3.15056
4450;3.17034
4500;3.152
4500;3.13422
4500;3.16089
4500;3.11289
4500;3.12711
4500;3.104
4500;3.14667
4500;3.10133
4500;3.14578
4500;3.10933
4500;3.16889
4500;3.14222
4500;3.12978
4500;3.13156
4500;3.14844
4500;3.17422
4500;3.18578
4500;3.14756
4500;3.09689
4500;3.17867
4500;3.16267
4500;3.17956
4500;3.17422
4500;3.14933
4500;3.13067
4500;3.17422
4500;3.12711
4500;3.13422
4500;3.16889
4500;3.13422
4500;3.10756
4500;3.10578
4500;3.12267
4500;3.12356
4500;3.17244
4500;3.13244
4500;3.15022
4500;3.16622
4500;3.12889
4500;3.144
4500;3.14489
4500;3.096
4500;3.12089
4500;3.13689
4500;3.15378
4500;3.11467
4500;3.18844
4500;3.11556
4500;3.13956
4500;3.13778
4550;3.13495
4550;3.14637
4550;3.16308
4550;3.1367
4550;3.11209
4550;3.15341
4550;3.10681
4550;3.15253
4550;3.14637
4550;3.19385
4550;3.14725
4550;3.13758
4550;3.13934
4550;3.06374
4550;3.1244
4550;3.15604
4550;3.11121
4550;3.08659
4550;3.13582
4550;3.16659
4550;3.14462
4550;3.14813
4550;3.12527
4550;3.12791
4550;3.17802
4550;3.09978
4550;3.16835
4550;3.12791
4550;3.1244
4550;3.18769
4550;3.12791
4550;3.13582
4550;3.13495
4550;3.10505
4550;3.16132
4550;3.16396
4550;3.11385
4550;3.19121
4550;3.12088
4550;3.16308
4550;3.2044
4550;3.13319
4550;3.18066
4550;3.13055
4550;3.12967
4550;3.15077
4550;3.15692
4550;3.13495
4550;3.15604
4550;3.15604
4600;3.1287
4600;3.14435
4600;3.16087
4600;3.14087
4600;3.16609
4600;3.16957
4600;3.12435
4600;3.13391
4600;3.14957
4600;3.1487
4600;3.14957
4600;3.14435
4600;3.14348
4600;3.14609
4600;3.14435
4600;3.16348
4600;3.15565
4600;3.13043
4600;3.14435
4600;3.13478
4600;3.18783
4600;3.1287
4600;3.1287
4600;3.08696
4600;3.10522
4600;3.10783
4600;3.16
4600;3.12783
4600;3.14783
4600;3.13217
4600;3.12957
4600;3.12696
4600;3.11391
4600;3.12696
4600;3.15217
4600;3.15217
4600;3.12435
4600;3.05217
4600;3.17565
4600;3.17304
4600;3.15826
4600;3.14261
4600;3.14261
4600;3.15391
4600;3.1513
4600;3.14348
4600;3.14
4600;3.14087
4600;3.15391
4600;3.10435
4650;3.15441
4650;3.15183
4650;3.13462
4650;3.17935
4650;3.12774
4650;3.1071
4650;3.16817
4650;3.17763
4650;3.13118
4650;3.1114
4650;3.11656
4650;3.16989
4650;3.14237
4650;3.13462
4650;3.14925
4650;3.14839
4650;3.16817
4650;3.15183
4650;3.14753
4650;3.14667
4650;3.1071
4650;3.14237
4650;3.14753
4650;3.11054
4650;3.16301
4650;3.15957
4650;3.16301
4650;3.09591
4650;3.13806
4650;3.15699
4650;3.14065
4650;3.18022
4650;3.13376
4650;3.13806
4650;3.15011
4650;3.15957
4650;3.11054
4650;3.17419
4650;3.09505
4650;3.14925
4650;3.13032
4650;3.17505
4650;3.16387
4650;3.14065
4650;3.13204
4650;3.15613
4650;3.17247
4650;3.14753
4650;3.13548
4650;3.10452
4700;3.09957
4700;3.17447
4700;3.1217
4700;3.09702
4700;3.14809
4700;3.12936
4700;3.15489
4700;3.16851
4700;3.12936
4700;3.1234
4700;3.16255
4700;3.1217
4700;3.1166
4700;3.18043
4700;3.09702
4700;3.15149
4700;3.14638
4700;3.14128
4700;3.14553
4700;3.10979
4700;3.19319
4700;3.13191
4700;3.11489
4700;3.12255
4700;3.10298
4700;3.12511
4700;3.12766
4700;3.11234
4700;3.12085
4700;3.16851
4700;3.16255
4700;3.11574
4700;3.10553
4700;3.13362
4700;3.13106
4700;3.15319
4700;3.15064
4700;3.11234
4700;3.13532
4700;3.14638
4700;3.16681
4700;3.13277
4700;3.14128
4700;3.14894
4700;3.13106
4700;3.14468
4700;3.0783
4700;3.15489
4700;3.15319
4700;3.13532
4750;3.11747
4750;3.12084
4750;3.17305
4750;3.11158
4750;3.09642
4750;3.13853
4750;3.14105
4750;3.11579
4750;3.11916
4750;3.152
4750;3.14947
4750;3.13263
4750;3.12084
4750;3.14189
4750;3.14105
4750;3.14189
4750;3.16632
4750;3.19663
4750;3.14611
4750;3.13179
4750;3.16211
4750;3.09137
4750;3.11326
4750;3.10568
4750;3.168
4750;3.16042
4750;3.22695
4750;3.17726
4750;3.13516
4750;3.07874
4750;3.17053
4750;3.13768
4750;3.16632
4750;3.13095
4750;3.15621
4750;3.15705
4750;3.14274
4750;3.10653
4750;3.12084
4750;3.09726
4750;3.16042
4750;3.14442
4750;3.14274
4750;3.16632
4750;3.19074
4750;3.13263
4750;3.12253
4750;3.15705
4750;3.11579
4750;3.168
4800;3.13
4800;3.15083
4800;3.14333
4800;3.1425
4800;3.16167
4800;3.16167
4800;3.1325
4800;3.1275
4800;3.11667
4800;3.19167
4800;3.115
4800;3.115
4800;3.19083
4800;3.17417
4800;3.145
4800;3.14917
4800;3.13417
4800;3.11833
4800;3.13583
4800;3.13083
4800;3.13583
4800;3.15417
4800;3.13417
4800;3.1275
4800;3.1425
4800;3.13167
4800;3.10417
4800;3.1275
4800;3.10667
4800;3.1475
4800;3.15167
4800;3.13167
4800;3.10333
4800;3.12083
4800;3.18
4800;3.13
4800;3.1725
4800;3.1625
4800;3.1525
4800;3.14167
4800;3.1375
4800;3.15167
4800;3.16417
4800;3.13583
4800;3.16083
4800;3.16667
4800;3.15833
4800;3.13333
4800;3.12917
4800;3.16083
4850;3.11423
4850;3.12412
4850;3.17113
4850;3.18021
4850;3.17691
4850;3.12825
4850;3.15381
4850;3.13979
4850;3.13649
4850;3.11175
4850;3.11918
4850;3.16701
4850;3.13485
4850;3.1299
4850;3.17856
4850;3.08784
4850;3.10351
4850;3.1134
4850;3.1332
4850;3.16041
4850;3.15959
4850;3.12907
4850;3.05485
4850;3.15052
4850;3.17856
4850;3.1299
4850;3.1332
4850;3.13485
4850;3.18103
4850;3.13072
4850;3.16371
4850;3.14392
4850;3.14474
4850;3.16206
4850;3.16124
4850;3.1332
4850;3.10515
4850;3.18103
4850;3.1332
4850;3.17526
4850;3.14969
4850;3.13897
4850;3.15629
4850;3.14474
4850;3.16454
4850;3.1868
4850;3.1134
4850;3.14062
4850;3.16536
4850;3.1266
4900;3.14449
4900;3.15755
4900;3.12653
4900;3.12408
4900;3.15102
4900;3.12571
4900;3.18694
4900;3.12245
4900;3.13388
4900;3.21551
4900;3.13143
4900;3.1151
4900;3.18122
4900;3.14776
4900;3.15429
4900;3.15918
4900;3.15184
4900;3.16816
4900;3.14367
4900;3.17959
4900;3.1298
4900;3.14939
4900;3.14367
4900;3.16571
4900;3.15673
4900;3.20653
4900;3.16
4900;3.14041
4900;3.13714
4900;3.10531
4900;3.16653
4900;3.16327
4900;3.14286
4900;3.11837
4900;3.13796
4900;3.15918
4900;3.14204
4900;3.17224
4900;3.18122
4900;3.11837
4900;3.11592
4900;3.12898
4900;3.12327
4900;3.14286
4900;3.18204
4900;3.15673
4900;3.16
4900;3.1249
4900;3.15265
4900;3.14286
4950;3.12727
4950;3.16364
4950;3.09576
4950;3.21212
4950;3.09657
4950;3.1402
4950;3.15556
4950;3.16525
4950;3.1596
4950;3.11919
4950;3.1297
4950;3.15313
4950;3.12242
4950;3.14747
4950;3.15394
4950;3.15071
4950;3.16364
4950;3.09495
4950;3.13131
4950;3.10545
4950;3.12323
4950;3.16525
4950;3.15636
4950;3.12162
4950;3.14182
4950;3.11838
4950;3.1402
4950;3.14828
4950;3.17737
4950;3.14101
4950;3.10384
4950;3.13859
4950;3.12566
4950;3.14101
4950;3.08283
4950;3.15798
4950;3.15556
4950;3.14909
4950;3.18788
4950;3.13939
4950;3.1604
4950;3.15798
4950;3.13374
4950;3.13535
4950;3.14263
4950;3.13616
4950;3.15313
4950;3.08121
4950;3.12727
4950;3.15636
5000;3.1552
5000;3.152
5000;3.1304
5000;3.1296
5000;3.1344
5000;3.12
5000;3.1368
5000;3.168
5000;3.2056
5000;3.1768
5000;3.1152
5000;3.188
5000;3.1296
5000;3.1256
5000;3.1728
5000;3.144
5000;3.104
5000;3.1376
5000;3.1136
5000;3.1416
5000;3.1304
5000;3.1096
5000;3.1432
5000;3.1576
5000;3.1832
5000;3.116
5000;3.1504
5000;3.1056
5000;3.1232
5000;3.1112
5000;3.132
5000;3.1448
5000;3.1232
5000;3.1176
5000;3.1376
5000;3.1296
5000;3.1568
5000;3.136
5000;3.1872
5000;3.1392
5000;3.1232
5000;3.16
5000;3.1672
5000;3.116
5000;3.1568
5000;3.18
5000;3.136
5000;3.1408
5000;3.1192
5000;3.1424

number of points;average
50;3.176
100;3.1464
150;3.10027
200;3.19
250;3.13504
300;3.15493
350;3.15703
400;3.1248
450;3.12942
500;3.14752
550;3.1504
600;3.14107
650;3.14412
700;3.14606
750;3.1392
800;3.1344
850;3.14654
900;3.14373
950;3.13945
1000;3.13032
1050;3.14712
1100;3.13585
1150;3.13976
1200;3.14667
1250;3.12922
1300;3.14658
1350;3.14708
1400;3.14697
1450;3.14102
1500;3.14448
1550;3.13615
1600;3.1475
1650;3.14225
1700;3.14038
1750;3.13458
1800;3.13844
1850;3.13808
1900;3.14156
1950;3.14162
2000;3.14108
2050;3.14267
2100;3.1408
2150;3.14586
2200;3.14007
2250;3.14567
2300;3.12967
2350;3.14043
2400;3.14073
2450;3.13881
2500;3.14883
2550;3.14773
2600;3.14769
2650;3.14856
2700;3.13233
2750;3.13839
2800;3.14806
2850;3.13819
2900;3.14502
2950;3.13931
3000;3.14464
3050;3.13768
3100;3.14588
3150;3.15157
3200;3.1423
3250;3.12866
3300;3.13901
3350;3.14183
3400;3.14555
3450;3.14516
3500;3.14491
3550;3.13555
3600;3.13949
3650;3.13916
3700;3.14815
3750;3.137
3800;3.14377
3850;3.13968
3900;3.13994
3950;3.14252
4000;3.14174
4050;3.14155
4100;3.1448
4150;3.13656
4200;3.13827
4250;3.14788
4300;3.13282
4350;3.13754
4400;3.13876
4450;3.13758
4500;3.14071
4550;3.14196
4600;3.1399
4650;3.14385
4700;3.13546
4750;3.1412
4800;3.14247
4850;3.14275
4900;3.14895
4950;3.13975
5000;3.14114